0
C 1 1 2 31 city
C 1 0 2 30 city
1
2
3
C 1 1 1 31 road
C 1 0 1 30 road
4
5
C 2 1 2 31 army
L 1 0 2 31
M 1 2 1 1
6
C 1 1 3 31 road
C 1 0 3 31 road
L 1 0 1 31
7
M 1 1 1 0
8
M 1 0 2 0
9
C 1 1 0 31 road
M 2 0 3 0
10
C 2 1 2 31 army
M 3 0 4 0
M 1 2 1 1
11
M 4 0 3 0
M 1 1 1 0
12
C 1 2 1 31 road
M 3 0 4 0
M 1 0 2 0
13
M 4 0 3 0
M 2 0 1 0
14
M 3 0 4 0
M 1 0 2 0
15
C 1 0 0 31 road
M 4 0 3 0
M 2 0 1 0
16
M 3 0 4 0
M 1 0 2 0
17
M 4 0 3 0
M 2 0 1 0
18
C 1 2 3 31 road
M 3 0 4 0
M 1 0 2 0
19
M 4 0 3 0
M 2 0 1 0
20
M 3 0 4 0
M 1 0 2 0
21
C 1 1 4 31 road
M 4 0 3 0
M 2 0 1 0
22
M 3 0 4 0
M 1 0 2 0
23
M 4 0 3 0
M 2 0 1 0
24
C 1 0 4 31 road
M 3 0 4 0
M 1 0 2 0
25
M 4 0 3 0
M 2 0 1 0
26
M 3 0 4 0
M 1 0 2 0
27
C 1 3 1 31 road
M 4 0 3 0
M 2 0 1 0
28
M 3 0 4 0
M 1 0 2 0
29
M 4 0 3 0
M 2 0 1 0
30
C 1 2 0 31 road
M 3 0 4 0
M 1 0 2 0
31
M 4 0 3 0
M 2 0 1 0
32
M 3 0 4 0
M 1 0 2 0
33
C 1 3 3 31 road
M 4 0 3 0
M 2 0 1 0
34
M 3 0 4 0
M 1 0 2 0
35
M 4 0 3 0
M 2 0 1 0
36
C 1 2 4 31 road
M 3 0 4 0
M 1 0 2 0
37
M 4 0 3 0
M 2 0 1 0
38
M 3 0 4 0
M 1 0 2 0
39
C 1 3 0 31 road
M 4 0 3 0
M 2 0 1 0
40
M 3 0 4 0
M 1 0 2 0
41
M 4 0 3 0
M 2 0 1 0
42
C 1 4 1 31 road
M 3 0 4 0
M 1 0 2 0
43
M 4 0 3 0
M 2 0 1 0
44
M 3 0 4 0
M 1 0 2 0
45
C 1 4 3 31 road
M 4 0 3 0
M 2 0 1 0
46
M 3 0 4 0
M 1 0 2 0
47
M 4 0 3 0
M 2 0 1 0
48
C 1 3 4 31 road
M 3 0 4 0
M 1 0 2 0
49
M 4 0 3 0
M 2 0 1 0
50
M 3 0 4 0
M 1 0 2 0
